Time_s,Input_Torque_Nm,Output_Torque_Nm,Efficiency,Degradation
0,0,0,0.9599999904,5e-09
1200,922.17738958543,885.275219145856,0.959983652975744,8.51411137862598e-06
2400,1959.31299410686,1880.76401547212,0.959909938396265,4.69081854673859e-05
3600,1959.31299410686,1880.6195910841,0.959836226647069,8.53022595561458e-05
4800,1959.31299410686,1880.47517224149,0.959762517728153,0.000123696333644906
6000,1959.31299410686,1880.33075894428,0.95968881163952,0.000162090407733666
7200,1959.31299410686,1880.18635119248,0.959615108381167,0.000200484481822425
8400,1959.31299410686,1880.04194898609,0.959541407953096,0.000238878555911185
9600,1959.31299410686,1879.89755232511,0.959467710355307,0.000277272629999945
10800,1959.31299410686,1879.75316120953,0.959394015587799,0.000315666704088705
12000,1959.31299410686,1879.60877563937,0.959320323650573,0.000354060778177465
13200,1959.31299410686,1879.4643956146,0.959246634543627,0.000392454852266225
14400,1959.31299410686,1879.32002113525,0.959172948266964,0.000430848926354985
15600,1959.31299410686,1879.1756522013,0.959099264820582,0.000469243000443745
16800,1959.31299410686,1879.03128881276,0.959025584204481,0.000507637074532505
18000,1959.31299410686,1878.88693096963,0.958951906418662,0.000546031148621265
19200,1959.31299410686,1878.7425786719,0.958878231463124,0.000584425222710025
20400,1959.31299410686,1878.59823191959,0.958804559337868,0.000622819296798784
21600,1959.31299410686,1878.45389071268,0.958730890042893,0.000661213370887544
22800,1959.31299410686,1878.30955505117,0.958657223578199,0.000699607444976304
24000,1959.31299410686,1878.16522493508,0.958583559943787,0.000738001519065064
25200,1959.31299410686,1878.02090036439,0.958509899139657,0.000776395593153824
26400,1959.31299410686,1877.8765813391,0.958436241165808,0.000814789667242584
27600,1959.31299410686,1877.73226785923,0.95836258602224,0.000853183741331343
28800,1959.31299410686,1877.58795992476,0.958288933708954,0.000891577815420103
30000,1959.31299410686,1877.4436575357,0.95821528422595,0.000929971889508863
31200,1959.31299410686,1877.29936069205,0.958141637573226,0.000968365963597623
32400,1959.31299410686,1877.1550693938,0.958067993750785,0.00100676003768638
33600,1959.31299410686,1877.01078364096,0.957994352758624,0.00104515411177514
34800,1959.31299410686,1876.86650343353,0.957920714596746,0.0010835481858639
36000,1959.31299410686,1876.72222877151,0.957847079265148,0.00112194225995266
37200,1959.31299410686,1876.57795965489,0.957773446763832,0.00116033633404142
38400,1959.31299410686,1876.43369608368,0.957699817092798,0.00119873040813018
39600,1959.31299410686,1876.28943805788,0.957626190252045,0.00123712448221894
40800,1959.31299410686,1876.14518557748,0.957552566241573,0.0012755185563077
42000,1959.31299410686,1876.0009386425,0.957478945061383,0.00131391263039646
43200,1959.31299410686,1875.85669725292,0.957405326711474,0.00135230670448522
44400,1959.31299410686,1875.71246140874,0.957331711191847,0.00139070077857398
45600,1959.31299410686,1875.56823110998,0.957258098502501,0.00142909485266274
46800,1959.31299410686,1875.42400635662,0.957184488643437,0.0014674889267515
48000,1959.31299410686,1875.27978714867,0.957110881614654,0.00150588300084026
49200,1959.31299410686,1875.13557348612,0.957037277416153,0.00154427707492902
50400,1959.31299410686,1874.99136536898,0.956963676047933,0.00158267114901778
51600,1959.31299410686,1874.84716279725,0.956890077509995,0.00162106522310654
52800,1959.31299410686,1874.70296577093,0.956816481802338,0.0016594592971953
54000,1959.31299410686,1874.55877429001,0.956742888924962,0.00169785337128406
55200,1959.31299410686,1874.41458835451,0.956669298877868,0.00173624744537282
56400,1959.31299410686,1874.2704079644,0.956595711661055,0.00177464151946158
57600,1959.31299410686,1874.12623311971,0.956522127274524,0.00181303559355034
58800,1959.31299410686,1873.98206382042,0.956448545718275,0.0018514296676391
60000,1959.31299410686,1873.83790006655,0.956374966992306,0.00188982374172786
