Time_s,VehSpd_mps,EngSpd_rpm,GForce_mps2,TransInSpd_rpm,TransOutSpd_rpm,Throttle_%,BrakeForce_N,GearPosition
0,0,800,0.090388,0.032724,0,0,5000,1
3.1554e-30,1.0095e-29,800,0.090388,0.032724,2.6107e-28,0,5000,1
1.9262e-07,6.1622e-07,800,0.090585,0.032835,1.5937e-05,0,5000,1
5.7787e-07,1.8503e-06,799.99,0.090828,0.033003,4.7854e-05,0,5000,1
1.6445e-06,5.2729e-06,799.97,0.090894,0.033247,0.00013637,0,5000,1
3.3667e-06,1.0798e-05,799.94,0.09078,0.033561,0.00027926,0,5000,1
5.6349e-06,1.8066e-05,799.9,0.090688,0.033995,0.00046723,0,5000,1
1.0518e-05,3.3683e-05,799.82,0.090447,0.034912,0.00087114,0,5000,1
2.1212e-05,6.7751e-05,799.63,0.089949,0.036923,0.0017522,0,5000,1
4.3794e-05,0.00013906,799.24,0.088883,0.041123,0.0035964,0,5000,1
9.6343e-05,0.00030177,798.34,0.086471,0.050714,0.0078046,0,5000,1
0.00021102,0.00064171,796.38,0.0814,0.070737,0.016596,0,5000,1
0.00045836,0.0013092,792.23,0.071432,0.11003,0.033859,0,5000,1
0.00081755,0.0021366,786.4,0.059023,0.15866,0.055259,0,5000,1
0.0014049,0.0031957,777.36,0.043099,0.22077,0.082651,0,5000,1
0.002426,0.0044144,763.04,0.02449,0.29182,0.11417,0,5000,1
0.0034471,0.0050981,750.42,0.013427,0.33122,0.13185,0,5000,1
0.004779,0.0055368,736.37,0.005228,0.35588,0.1432,0,5000,1
0.0061109,0.0056857,724.9,0.0011039,0.36353,0.14705,0,5000,1
0.0079735,0.0056795,712.84,-0.0012927,0.36181,0.14689,0,5000,1
0.009836,0.0055812,705.11,-0.0016925,0.35497,0.14435,0,5000,1
0.012741,0.0054454,700.82,-0.00095426,0.34592,0.14083,0,5000,1
0.015647,0.0054118,705.06,0.00029827,0.3436,0.13996,0,5000,1
0.018552,0.0055064,716.81,0.0015466,0.34945,0.14241,0,5000,1
0.022428,0.0058268,742.53,0.0031352,0.36958,0.1507,0,5000,1
0.026303,0.0063614,777.98,0.004676,0.40322,0.16452,0,5000,1
0.028044,0.0066709,796.59,0.00539,0.4227,0.17253,0,5000,1
0.029785,0.0070193,815.68,0.0059431,0.44454,0.18154,0,5000,1
0.031017,0.0072818,828.51,0.0061286,0.46091,0.18833,0,5000,1
0.031983,0.0074908,837.87,0.006127,0.47388,0.19373,0,5000,1
0.032948,0.0076987,846.62,0.0060606,0.48673,0.19911,0,5000,1
0.037666,0.0086388,881.62,0.0052228,0.54437,0.22342,0,5000,1
0.042384,0.0094048,905.06,0.0039714,0.59063,0.24323,0,5000,1
0.048333,0.010068,921.55,0.0023445,0.6298,0.26039,0,5000,1
0.052026,0.010311,925.79,0.0013826,0.64354,0.26668,0,5000,1
0.054593,0.010408,926.57,0.00076175,0.64863,0.26919,0,5000,1
0.05716,0.010452,925.85,0.00020912,0.65043,0.27033,0,5000,1
0.059727,0.010448,923.82,-0.00029714,0.64927,0.27023,0,5000,1
0.063112,0.010379,919.44,-0.00085707,0.64384,0.26844,0,5000,1
0.066497,0.010249,913.43,-0.0013237,0.63465,0.26507,0,5000,1
0.070997,0.010003,903.43,-0.0017775,0.61797,0.2587,0,5000,1
0.075497,0.0096954,891.61,-0.0020892,0.59761,0.25075,0,5000,1
0.08098,0.0092711,875.44,-0.0022922,0.56983,0.23978,0,5000,1
0.086463,0.0088191,857.88,-0.0023763,0.54043,0.22808,0,5000,1
0.093066,0.0082675,835.57,-0.002355,0.50473,0.21382,0,5000,1
0.099669,0.0077276,812.55,-0.0022753,0.46989,0.19986,0,5000,1
0.10165,0.0075699,805.57,-0.0022334,0.45974,0.19578,0,5000,1
0.10224,0.0075231,803.49,-0.0022267,0.45672,0.19457,0,5000,1
0.10284,0.0074767,801.44,-0.0022001,0.45374,0.19337,0,5000,1
0.10363,0.0074159,798.91,-0.0021412,0.44985,0.1918,0,5000,1
0.1042,0.0073741,797.37,-0.0020433,0.44719,0.19071,0,5000,1
0.1047,0.0073389,796.25,-0.0019292,0.44495,0.1898,0,5000,1
0.1052,0.007306,795.39,-0.0017692,0.44289,0.18895,0,5000,1
0.1057,0.0072762,794.78,-0.0015938,0.44102,0.18818,0,5000,1
0.10639,0.0072409,794.37,-0.0013045,0.43884,0.18727,0,5000,1
0.10722,0.0072081,794.5,-0.00093119,0.43682,0.18642,0,5000,1
0.10806,0.0071868,795.28,-0.00052032,0.43556,0.18587,0,5000,1
0.109,0.0071772,796.9,-5.7225e-05,0.43504,0.18562,0,5000,1
0.10994,0.0071829,799.18,0.00040308,0.43549,0.18577,0,5000,1
0.11067,0.0071974,801.23,0.0007099,0.43646,0.18614,0,5000,1
0.1114,0.007219,803.32,0.00096045,0.43786,0.1867,0,5000,1
0.11197,0.0072394,804.86,0.001088,0.43915,0.18723,0,5000,1
0.11253,0.007262,806.31,0.0011854,0.44057,0.18781,0,5000,1
0.11309,0.007286,807.67,0.0012352,0.44206,0.18844,0,5000,1
0.11404,0.0073281,809.76,0.0012749,0.44465,0.18952,0,5000,1
0.11544,0.0073898,812.4,0.0012225,0.44842,0.19112,0,5000,1
0.11782,0.0074835,815.73,0.0010114,0.45407,0.19354,0,5000,1
0.12149,0.0075849,818.35,0.00055299,0.45999,0.19616,0,5000,1
0.12515,0.0076275,818.32,0.00010592,0.46221,0.19727,0,5000,1
0.12882,0.0076152,816.06,-0.00029624,0.46098,0.19695,0,5000,1
0.13249,0.0075558,811.95,-0.00062026,0.45683,0.19541,0,5000,1
0.13616,0.007458,806.34,-0.00088975,0.45028,0.19289,0,5000,1
0.13686,0.0074355,805.12,-0.00092614,0.44879,0.1923,0,5000,1
0.13757,0.0074119,803.86,-0.00097069,0.44724,0.19169,0,5000,1
0.1383,0.0073862,802.53,-0.00099716,0.44556,0.19103,0,5000,1
0.13904,0.00736,801.24,-0.0010193,0.44384,0.19035,0,5000,1
0.13978,0.0073337,800.08,-0.00099892,0.44214,0.18967,0,5000,1
0.14052,0.0073084,799.16,-0.00094493,0.44052,0.18902,0,5000,1
0.14125,0.0072854,798.58,-0.0008258,0.43906,0.18842,0,5000,1
0.14183,0.0072698,798.4,-0.00070848,0.43808,0.18802,0,5000,1
0.14227,0.0072597,798.42,-0.00058989,0.43746,0.18776,0,5000,1
0.14271,0.0072514,798.58,-0.00047117,0.43696,0.18754,0,5000,1
0.14315,0.0072452,798.87,-0.00033215,0.43658,0.18738,0,5000,1
0.14372,0.0072403,799.42,-0.00016168,0.4363,0.18725,0,5000,1
0.14428,0.0072388,800.11,1.8038e-05,0.43624,0.18722,0,5000,1
0.14485,0.0072407,800.91,0.00017328,0.43639,0.18726,0,5000,1
0.14561,0.007248,802.05,0.00036136,0.43687,0.18745,0,5000,1
0.14638,0.0072594,803.17,0.00048817,0.4376,0.18775,0,5000,1
0.14714,0.0072738,804.2,0.00057704,0.4385,0.18812,0,5000,1
0.14791,0.0072899,805.13,0.00061142,0.43948,0.18854,0,5000,1
0.14867,0.0073066,805.93,0.00062336,0.4405,0.18897,0,5000,1
0.14962,0.0073268,806.75,0.00059044,0.44171,0.18949,0,5000,1
0.15081,0.0073503,807.52,0.00052432,0.44311,0.1901,0,5000,1
0.15236,0.0073752,808.11,0.00038832,0.44455,0.19074,0,5000,1
0.15434,0.0073958,808.21,0.00020082,0.44567,0.19128,0,5000,1
0.15631,0.0074026,807.65,-4.7559e-06,0.44592,0.19145,0,5000,1
0.15854,0.007394,806.32,-0.00021385,0.44517,0.19123,0,5000,1
0.16077,0.0073695,804.36,-0.00040963,0.44343,0.1906,0,5000,1
0.16144,0.0073593,803.67,-0.00045361,0.44274,0.19033,0,5000,1
0.16211,0.007348,802.95,-0.0005034,0.44197,0.19004,0,5000,1
0.16314,0.0073288,801.84,-0.00054647,0.44069,0.18954,0,5000,1
0.16394,0.0073132,801.06,-0.00056533,0.43966,0.18914,0,5000,1
0.16473,0.0072977,800.41,-0.00054172,0.43865,0.18874,0,5000,1
0.16552,0.0072833,799.98,-0.00049228,0.43772,0.18837,0,5000,1
0.16604,0.0072748,799.83,-0.00042909,0.43718,0.18815,0,5000,1
0.16657,0.0072675,799.81,-0.0003623,0.43672,0.18796,0,5000,1
0.16709,0.0072616,799.91,-0.00027212,0.43635,0.18781,0,5000,1
0.16761,0.0072574,800.11,-0.00018531,0.4361,0.1877,0,5000,1
0.16813,0.0072549,800.42,-8.3831e-05,0.43595,0.18763,0,5000,1
0.16866,0.0072542,800.8,4.8199e-06,0.43591,0.18761,0,5000,1
0.16938,0.0072559,801.4,0.00012907,0.43604,0.18766,0,5000,1
0.17052,0.0072639,802.41,0.00026828,0.43655,0.18787,0,5000,1
0.17134,0.0072726,803.1,0.00033756,0.43709,0.18809,0,5000,1
0.17215,0.0072827,803.71,0.00036359,0.4377,0.18835,0,5000,1
0.17296,0.0072933,804.22,0.00037327,0.43833,0.18862,0,5000,1
0.17378,0.0073037,804.62,0.00034963,0.43895,0.18889,0,5000,1
0.17459,0.0073133,804.92,0.00032017,0.43951,0.18914,0,5000,1
0.17564,0.0073239,805.13,0.00025141,0.44011,0.18942,0,5000,1
0.1767,0.007332,805.17,0.00018039,0.44055,0.18962,0,5000,1
0.17825,0.0073383,804.92,5.0784e-05,0.44083,0.18979,0,5000,1
0.17979,0.0073378,804.34,-7.0433e-05,0.44069,0.18977,0,5000,1
0.18134,0.0073305,803.49,-0.00019356,0.44012,0.18959,0,5000,1
0.18289,0.0073176,802.48,-0.00028143,0.43921,0.18925,0,5000,1
0.18398,0.0073058,801.76,-0.00032708,0.43841,0.18895,0,5000,1
0.18507,0.0072932,801.14,-0.00032798,0.43757,0.18862,0,5000,1
0.18616,0.0072812,800.73,-0.00029796,0.43677,0.18831,0,5000,1
0.18684,0.0072746,800.62,-0.00024846,0.43635,0.18814,0,5000,1
0.18751,0.0072693,800.63,-0.00019555,0.43601,0.188,0,5000,1
0.18819,0.0072655,800.75,-0.0001214,0.43577,0.18791,0,5000,1
0.18887,0.0072635,800.98,-5.3371e-05,0.43564,0.18785,0,5000,1
0.18954,0.0072631,801.28,2.468e-05,0.43562,0.18784,0,5000,1
0.19022,0.0072644,801.63,8.5546e-05,0.4357,0.18788,0,5000,1
0.19134,0.0072696,802.25,0.00017639,0.43602,0.18801,0,5000,1
0.19246,0.0072774,802.83,0.00022004,0.4365,0.18821,0,5000,1
0.19331,0.0072843,803.21,0.00023801,0.43691,0.18839,0,5000,1
0.19415,0.0072912,803.5,0.00022644,0.43731,0.18857,0,5000,1
0.195,0.0072978,803.71,0.00021035,0.43769,0.18874,0,5000,1
0.19585,0.0073035,803.83,0.00017151,0.43801,0.18889,0,5000,1
0.19696,0.0073092,803.85,0.0001206,0.43831,0.18904,0,5000,1
0.19807,0.0073126,803.73,5.0326e-05,0.43846,0.18912,0,5000,1
0.19941,0.0073132,803.4,-2.5417e-05,0.43842,0.18914,0,5000,1
0.20074,0.00731,802.92,-0.00010688,0.43815,0.18906,0.00025496,5000,1
0.20208,0.0073037,802.35,-0.00016264,0.43769,0.18889,0.00071394,5000,1
0.20341,0.0072951,801.8,-0.00020322,0.43708,0.18867,0.0011729,5000,1
0.20447,0.0072875,801.43,-0.00020065,0.43657,0.18848,0.0015347,5000,1
0.20585,0.0072785,801.16,-0.00017166,0.43597,0.18824,0.0020097,5000,1
0.20687,0.0072733,801.14,-0.00011572,0.43563,0.18811,0.0023612,5000,1
0.2079,0.0072701,801.27,-5.6965e-05,0.43542,0.18803,0.0027128,5000,1
0.20863,0.0072694,801.45,-2.8655e-06,0.43537,0.18801,0.002964,5000,1
0.20936,0.0072698,801.68,3.8241e-05,0.43539,0.18802,0.0032152,5000,1
0.21029,0.007272,802,9.398e-05,0.43552,0.18807,0.003735,5000,1
0.21128,0.0072759,802.35,0.00012682,0.43575,0.18817,0.004755,5000,1
0.21228,0.0072808,802.66,0.00015192,0.43604,0.1883,0.0057749,5000,1
0.21327,0.007286,802.92,0.00014841,0.43634,0.18844,0.0067949,5000,1
0.21426,0.0072911,803.09,0.00013978,0.43663,0.18857,0.0078149,5000,1
0.21526,0.0072954,803.18,0.00010812,0.43687,0.18868,0.0088349,5000,1
0.21625,0.0072987,803.18,7.8169e-05,0.43703,0.18876,0.0098549,5000,1
0.21745,0.0073009,803.06,2.3651e-05,0.43712,0.18882,0.01109,5000,1
0.21865,0.0073009,802.84,-2.1902e-05,0.43707,0.18882,0.012326,5000,1
0.21986,0.0072989,802.54,-7.3541e-05,0.43689,0.18877,0.013562,5000,1
0.22106,0.0072951,802.21,-0.00010427,0.4366,0.18867,0.015516,5000,1
0.22226,0.0072901,801.89,-0.0001296,0.43625,0.18854,0.017568,5000,1
0.22346,0.0072847,801.64,-0.0001245,0.43588,0.1884,0.01962,5000,1
0.22443,0.0072806,801.51,-0.00011446,0.4356,0.1883,0.021275,5000,1
0.2254,0.0072773,801.48,-8.1719e-05,0.43537,0.18821,0.02293,5000,1
0.22637,0.007275,801.53,-5.0723e-05,0.43522,0.18815,0.024585,5000,1
0.22734,0.007274,801.66,-5.4755e-06,0.43515,0.18813,0.02624,5000,1
0.22831,0.0072744,801.85,2.7849e-05,0.43516,0.18814,0.027895,5000,1
0.22928,0.007276,802.06,6.5422e-05,0.43525,0.18818,0.02955,5000,1
0.23085,0.0072804,802.41,9.1825e-05,0.4355,0.18829,0.032802,5000,1
0.23242,0.0072857,802.67,0.00010036,0.4358,0.18843,0.036536,5000,1
0.23365,0.0072896,802.78,7.9866e-05,0.43601,0.18853,0.039451,5000,1
0.23487,0.0072926,802.81,5.825e-05,0.43616,0.18861,0.042366,5000,1
0.23609,0.0072943,802.74,1.9546e-05,0.43623,0.18865,0.04528,5000,1
0.23732,0.0072945,802.59,-1.0549e-05,0.4362,0.18865,0.048195,5000,1
0.23854,0.0072932,802.39,-4.7794e-05,0.43608,0.18862,0.05111,5000,1
0.23977,0.0072907,802.17,-6.6942e-05,0.43589,0.18856,0.054024,5000,1
0.24127,0.0072867,801.92,-8.5809e-05,0.43559,0.18845,0.058455,5000,1
0.24268,0.0072827,801.76,-7.4736e-05,0.43531,0.18835,0.062738,5000,1
0.24408,0.0072794,801.71,-5.71e-05,0.43508,0.18827,0.067021,5000,1
0.24549,0.0072775,801.77,-1.8118e-05,0.43495,0.18822,0.071304,5000,1
0.24657,0.0072773,801.88,5.2254e-06,0.43492,0.18821,0.074616,5000,1
0.24766,0.0072781,802.03,3.5926e-05,0.43496,0.18823,0.077927,5000,1
0.24899,0.0072802,802.23,5.3172e-05,0.43507,0.18829,0.08199,5000,1
0.25035,0.0072831,802.4,6.7804e-05,0.43523,0.18836,0.086361,5000,1
0.2517,0.0072861,802.53,5.8428e-05,0.43539,0.18844,0.091402,5000,1
0.25306,0.0072887,802.58,4.7777e-05,0.43553,0.1885,0.096444,5000,1
0.25442,0.0072903,802.55,1.9373e-05,0.43559,0.18855,0.10149,5000,1
0.25578,0.0072907,802.45,-1.6456e-06,0.43558,0.18856,0.10653,5000,1
0.25713,0.0072899,802.31,-3.0826e-05,0.4355,0.18854,0.11157,5000,1
0.25849,0.0072881,802.15,-4.3412e-05,0.43536,0.18849,0.11661,5000,1
0.26025,0.007285,801.97,-5.6707e-05,0.43512,0.18841,0.12331,5000,1
0.26156,0.0072827,801.89,-4.5698e-05,0.43495,0.18835,0.12905,5000,1
0.26288,0.0072808,801.86,-3.5773e-05,0.43481,0.1883,0.13478,5000,1
0.26419,0.0072797,801.9,-1.0014e-05,0.43473,0.18827,0.14052,5000,1
0.2655,0.0072796,802,6.7698e-06,0.43471,0.18827,0.14625,5000,1
0.26681,0.0072805,802.12,3.0322e-05,0.43475,0.18829,0.15199,5000,1
0.26847,0.0072825,802.27,3.8735e-05,0.43486,0.18835,0.15925,5000,1
0.26995,0.0072847,802.38,4.4578e-05,0.43497,0.1884,0.1657,5000,1
0.27142,0.0072866,802.43,3.0544e-05,0.43507,0.18845,0.17308,5000,1
0.2729,0.0072879,802.42,1.9705e-05,0.43512,0.18849,0.1805,5000,1
0.27437,0.0072884,802.36,-4.0912e-06,0.43512,0.1885,0.18792,5000,1
0.27585,0.0072878,802.26,-1.641e-05,0.43505,0.18848,0.19534,5000,1
0.27732,0.0072865,802.14,-3.3569e-05,0.43494,0.18845,0.20275,5000,1
0.27939,0.0072841,802.01,-3.2266e-05,0.43476,0.18839,0.21316,5000,1
0.28103,0.0072823,801.97,-2.8913e-05,0.43463,0.18834,0.22204,5000,1
0.28266,0.0072813,801.98,-8.4346e-06,0.43454,0.18831,0.2313,5000,1
0.28429,0.0072811,802.06,4.0733e-06,0.43452,0.18831,0.24057,5000,1
0.28592,0.0072819,802.16,2.3315e-05,0.43455,0.18833,0.24984,5000,1
0.28756,0.0072833,802.25,2.5415e-05,0.43462,0.18837,0.25911,5000,1
0.28923,0.0072849,802.32,2.893e-05,0.4347,0.18841,0.26858,5000,1
0.29089,0.0072862,802.34,1.4893e-05,0.43475,0.18844,0.27862,5000,1
0.29256,0.0072869,802.31,6.4965e-06,0.43477,0.18846,0.28917,5000,1
0.29423,0.0072867,802.24,-1.2123e-05,0.43473,0.18845,0.29971,5000,1
0.2959,0.0072858,802.16,-1.7129e-05,0.43465,0.18843,0.31026,5000,1
0.29809,0.0072842,802.07,-2.5491e-05,0.43451,0.18839,0.32409,5000,1
0.29991,0.0072829,802.03,-1.4459e-05,0.43442,0.18836,0.3356,5000,1
0.30173,0.0072822,802.05,-7.8974e-06,0.43435,0.18834,0.34821,5000,1
0.30355,0.0072822,802.11,9.5914e-06,0.43434,0.18834,0.36089,5000,1
0.30537,0.007283,802.18,1.3623e-05,0.43437,0.18836,0.37356,5000,1
0.30765,0.0072844,802.26,2.0898e-05,0.43443,0.18839,0.38945,5000,1
0.30967,0.0072855,802.28,9.7804e-06,0.43447,0.18842,0.40348,5000,1
0.31168,0.007286,802.26,4.1035e-06,0.43448,0.18843,0.41857,5000,1
0.3137,0.0072857,802.2,-1.1293e-05,0.43444,0.18843,0.43387,5000,1
0.31571,0.0072849,802.14,-1.2381e-05,0.43436,0.18841,0.44918,5000,1
0.31843,0.0072835,802.08,-1.5338e-05,0.43425,0.18837,0.46983,5000,1
0.32115,0.0072828,802.09,2.356e-07,0.43418,0.18835,0.49121,5000,1
0.3233,0.007283,802.14,4.6269e-06,0.43418,0.18836,0.50889,5000,1
0.32545,0.0072837,802.2,1.4745e-05,0.43421,0.18838,0.52658,5000,1
0.32816,0.0072848,802.24,7.8189e-06,0.43425,0.1884,0.54888,5000,1
0.33087,0.0072854,802.23,4.0031e-06,0.43426,0.18842,0.57172,5000,1
0.33358,0.0072851,802.18,-9.8386e-06,0.43421,0.18841,0.59571,5000,1
0.33629,0.0072842,802.13,-7.9523e-06,0.43413,0.18839,0.61971,5000,1
0.33964,0.0072834,802.11,-7.0796e-06,0.43405,0.18837,0.64928,5000,1
0.34298,0.0072834,802.15,7.3345e-06,0.43403,0.18837,0.6807,5000,1
0.34543,0.007284,802.2,6.1054e-06,0.43405,0.18838,0.70392,5000,1
0.34788,0.0072846,802.22,9.4089e-06,0.43407,0.1884,0.72714,5000,1
0.35037,0.007285,802.21,-1.0484e-06,0.43407,0.18841,0.75095,5000,1
0.35286,0.0072849,802.18,-1.9774e-06,0.43405,0.18841,0.77605,5000,1
0.35535,0.0072844,802.15,-9.5679e-06,0.43399,0.18839,0.80116,5000,1
0.3589,0.0072837,802.13,-1.4011e-06,0.43393,0.18838,0.83696,5000,1
0.36245,0.0072836,802.15,5.3151e-07,0.4339,0.18837,0.87426,5000,1
0.36527,0.0072841,802.19,8.3519e-06,0.43392,0.18839,0.90436,5000,1
0.36808,0.0072846,802.2,1.7967e-06,0.43393,0.1884,0.93445,5000,1
0.37095,0.0072848,802.19,2.0719e-06,0.43392,0.1884,0.96574,5000,1
0.37382,0.0072845,802.17,-6.6875e-06,0.43389,0.1884,0.9982,5000,1
0.3767,0.0072841,802.14,-2.0968e-06,0.43385,0.18839,1.0307,5000,1
0.37985,0.0072838,802.14,-3.5376e-06,0.43381,0.18838,1.0663,5000,1
0.383,0.0072839,802.17,5.365e-06,0.4338,0.18838,1.1037,5000,1
0.38615,0.0072842,802.19,1.5255e-06,0.43381,0.18839,1.1411,5000,1
0.39065,0.0072846,802.19,2.7337e-06,0.43381,0.1884,1.1951,5000,1
0.39515,0.0072843,802.16,-5.7738e-06,0.43377,0.18839,1.2514,5000,1
0.39965,0.0072839,802.15,6.3531e-07,0.43372,0.18838,1.3076,5000,1
0.4036,0.0072839,802.16,-6.6848e-07,0.43371,0.18838,1.3591,5000,1
0.40755,0.0072843,802.18,5.2468e-06,0.43371,0.18839,1.4107,5000,1
0.41149,0.0072845,802.18,-2.0586e-06,0.43371,0.1884,1.4632,5000,1
0.41624,0.0072843,802.16,5.9773e-08,0.43368,0.18839,1.5282,5000,1
0.42099,0.007284,802.15,-3.6523e-06,0.43364,0.18838,1.5937,5000,1
0.42573,0.007284,802.17,4.059e-06,0.43363,0.18838,1.6612,5000,1
0.43047,0.0072843,802.18,-7.7137e-07,0.43363,0.18839,1.729,5000,1
0.43521,0.0072844,802.17,1.6478e-06,0.43362,0.18839,1.7992,5000,1
0.43994,0.0072842,802.16,-4.1807e-06,0.43359,0.18839,1.8695,5000,1
0.44468,0.007284,802.16,2.469e-06,0.43357,0.18838,1.9424,5000,1
0.45102,0.0072842,802.18,-8.8112e-07,0.43356,0.18839,2.0406,5000,1
0.45605,0.0072844,802.18,2.4867e-06,0.43356,0.18839,2.1209,5000,1
0.46172,0.0072842,802.16,-3.7919e-06,0.43353,0.18839,2.2124,5000,1
0.4674,0.0072841,802.16,2.2299e-06,0.43351,0.18839,2.3062,5000,1
0.47372,0.0072842,802.17,-1.336e-06,0.4335,0.18839,2.4127,5000,1
0.48003,0.0072843,802.17,2.543e-06,0.4335,0.18839,2.5205,5000,1
0.48779,0.0072842,802.16,-3.2954e-06,0.43348,0.18839,2.6574,5000,1
0.49556,0.0072841,802.17,2.6757e-06,0.43346,0.18839,2.7973,5000,1
0.50763,0.0072842,802.17,-2.068e-06,0.43345,0.18839,3.0209,5000,1
0.51664,0.0072842,802.17,1.925e-06,0.43343,0.18839,3.1931,5000,1
0.52757,0.0072842,802.17,-2.2082e-06,0.43342,0.18839,3.4076,5000,1
0.54479,0.0072842,802.17,2.4931e-06,0.4334,0.18839,3.7586,5000,1
0.55742,0.0072842,802.17,-2.7709e-06,0.43338,0.18839,4.0255,5000,1
0.57293,0.0072842,802.17,2.8041e-06,0.43337,0.18839,4.3648,5000,1
0.59963,0.0072842,802.17,-2.736e-06,0.43336,0.18839,4.9769,5000,1
0.62634,0.0072842,802.17,2.6162e-06,0.43334,0.18839,5.6249,5000,1
0.65305,0.0072842,802.17,-2.4716e-06,0.43333,0.18839,6.3066,5000,1
0.67975,0.0072842,802.17,2.3328e-06,0.43332,0.18839,7.0212,5000,1
0.70646,0.0072842,802.17,-2.2196e-06,0.43332,0.18839,7.7689,5000,1
0.73317,0.0072842,802.17,2.1494e-06,0.43331,0.18839,8.5475,5000,1
0.77477,0.0072842,802.17,-2.1291e-06,0.4333,0.18839,9.8208,5000,1
0.857,0.0072842,802.17,2.1303e-06,0.4333,0.18839,12.54,5000,1
0.87541,0.0072842,802.17,-2.1966e-06,0.4333,0.18839,13.184,5000,1
0.88093,0.0072842,802.17,2.566e-06,0.4333,0.18839,13.379,5000,1
0.88259,0.0072842,802.17,-2.4244e-06,0.4333,0.18839,13.438,5000,1
0.88425,0.0072843,802.18,3.364e-06,0.4333,0.18839,13.498,5000,1
0.88524,0.0072844,802.21,3.8646e-06,0.43331,0.18839,13.533,5000,1
0.88624,0.0072848,802.28,2.0802e-05,0.43334,0.1884,13.569,5000,1
0.88698,0.0072855,802.36,2.7947e-05,0.43339,0.18842,13.595,5000,1
0.88975,0.0072911,802.86,8.6888e-05,0.43376,0.18857,13.694,5000,1
0.89474,0.0073153,804.46,0.00018853,0.43533,0.18919,13.873,5000,1
0.89972,0.0073574,806.83,0.00028979,0.43802,0.19028,14.053,5000,1
0.90679,0.0074433,811.26,0.0003978,0.44346,0.1925,14.309,5000,1
0.91386,0.0075546,816.71,0.00049389,0.45047,0.19538,14.567,5000,1
0.92093,0.0076865,822.93,0.00056362,0.45875,0.19879,14.827,5000,1
0.928,0.0078356,829.74,0.00063071,0.46808,0.20265,15.088,5000,1
0.93714,0.0080495,839.21,0.00069301,0.4814,0.20818,15.429,5000,1
0.94629,0.0082832,849.22,0.00075419,0.49592,0.21423,15.773,5000,1
0.95816,0.0086114,862.73,0.00081137,0.5162,0.22271,16.222,5000,1
0.97003,0.0089639,876.62,0.00087092,0.5379,0.23183,16.676,5000,1
0.98493,0.009438,894.36,0.00093001,0.56696,0.24409,17.253,5000,1
0.99984,0.0099457,912.26,0.00099825,0.59794,0.25722,17.836,5000,1
1.0222,0.010773,939.18,0.0010939,0.64815,0.27861,18.725,5000,1
1.0446,0.011686,966.02,0.0012188,0.70338,0.30223,19.627,5000,1
1.078,0.013253,1005.8,0.0014405,0.79768,0.34276,21,5000,1
1.1115,0.015145,1045.1,0.0018204,0.91112,0.3917,22.402,5000,1
1.1639,0.019315,1105.7,0.0027448,1.1602,0.49954,24.653,5000,1
1.1796,0.021017,1123.7,0.0033996,1.2617,0.54354,25.34,5000,1
1.1953,0.023123,1141.5,0.0042052,1.3873,0.59804,26.032,5000,1
1.2238,0.028603,1173.6,0.0067085,1.7136,0.73976,27.298,5000,1
1.2432,0.034319,1195.3,0.0099517,2.0539,0.88759,28.171,5000,1
1.2627,0.042837,1216.8,0.014865,2.5607,1.1079,29.051,5000,1
1.2821,0.055221,1238.1,0.02121,3.2976,1.4282,29.937,5000,1
1.3016,0.072189,1259.3,0.028207,4.3071,1.867,30.829,5000,1
1.321,0.093998,1280.4,0.035308,5.6045,2.431,31.727,5000,1
1.3476,0.13174,1309,0.044997,7.8499,3.4072,32.964,5000,1
1.3842,0.1983,1347.7,0.05815,11.809,5.1285,34.677,5000,1
1.4207,0.28174,1385.9,0.071146,16.772,7.2865,36.404,5000,1
1.4573,0.38184,1423.5,0.083967,22.727,9.8753,38.142,5000,1
1.4938,0.4984,1460.6,0.096652,29.66,12.89,39.89,5000,1
1.5304,0.63125,1497,0.10921,37.563,16.326,41.645,5000,1
1.5669,0.78027,1532.9,0.1217,46.428,20.18,43.404,5000,1
1.6034,0.94539,1568.1,0.13415,56.249,24.45,45.166,5000,1
1.64,1.1266,1602.8,0.14658,67.026,29.136,46.927,5000,1
1.6765,1.3237,1636.8,0.15898,78.755,34.235,48.686,5000,1
1.7131,1.5369,1670.1,0.17135,91.435,39.748,50.44,5000,1
1.7198,1.5782,1676.3,0.17364,93.889,40.816,50.764,5000,1
1.7198,1.5782,1676.3,0.17364,93.889,40.816,50.764,5000,1
1.7199,1.5788,1676.4,0.17364,93.948,40.832,50.769,5000,1
1.7199,1.5788,1676.4,0.17364,93.948,40.832,50.769,5000,1
1.7206,1.5828,1676.9,0.17363,94.35,40.935,50.8,5000,1
1.7219,1.5908,1678.1,0.17361,95.407,41.143,50.863,5000,1
1.7229,1.5971,1679.1,0.17359,96.56,41.306,50.912,5000,1
1.7252,1.6107,1681.1,0.17356,99.752,41.658,51.018,5000,1
1.7274,1.6243,1683.1,0.17353,103.66,42.01,51.124,5000,1
1.7296,1.638,1685.2,0.1735,108.06,42.362,51.231,5000,1
1.7323,1.6547,1687.9,0.17346,113.93,42.795,51.361,5000,1
1.7351,1.6715,1690.5,0.17342,120.15,43.229,51.492,5000,1
1.7389,1.6947,1694.3,0.17337,129.15,43.829,51.673,5000,1
1.7435,1.7233,1699,0.17331,140.66,44.568,51.896,5000,1
1.7496,1.7602,1705.3,0.17324,156,45.525,52.184,5000,1
1.757,1.8059,1713.1,0.17316,175.4,46.706,52.54,5000,1
1.7665,1.8636,1723.1,0.17307,200.28,48.197,52.988,5000,1
1.7782,1.9351,1735.5,0.17296,231.39,50.046,53.544,5000,1
1.7928,2.0247,1751.1,0.17285,270.37,52.363,54.239,5000,1
1.8106,2.1333,1769.9,0.17273,317.25,55.172,55.079,5000,1
1.8284,2.2418,1788.5,0.17263,363.49,57.979,55.916,5000,1
1.8579,2.4212,1818.7,0.17251,438.38,62.618,57.292,5000,1
1.8942,2.6423,1855,0.1724,527.99,68.338,58.975,5000,1
1.9446,2.9494,1903.8,0.1723,647.37,76.279,61.28,5000,1
1.9951,3.2563,1950.6,0.17224,760.91,84.217,63.542,5000,1
2.0585,3.6441,2006.6,0.17414,895.48,94.246,66.315,4950.5,1
2.1219,4.0408,2059.3,0.18021,1021.2,104.5,68.996,4795.1,1
2.1449,4.1889,2079,0.18334,1062.9,108.34,69.947,4715,1
2.1567,4.2656,2089.6,0.18511,1083.7,110.32,70.428,4669.8,1
2.1685,4.3431,2100.4,0.18699,1105.2,112.33,70.905,4621.7,1
2.1803,4.4215,2111.2,0.18898,1126.7,114.35,71.378,4570.8,1
2.1964,4.5298,2125.9,0.19188,1155.9,117.15,72.017,4496.7,1
2.2126,4.6399,2140.4,0.19496,1184.8,120,72.649,4418.1,1
2.2376,4.8148,2162.4,0.2001,1228.7,124.52,73.617,4287,1
2.2681,5.0338,2188.4,0.20686,1280.5,130.19,74.767,4114.4,1
2.2884,5.1838,2205.2,0.21164,1314,134.07,75.516,3992.1,1
2.3001,5.2718,2214.9,0.21449,1332.7,136.34,75.941,3919.4,1
2.3118,5.3609,2224.9,0.21741,1351.1,138.65,76.361,3844.8,1
2.3182,5.4105,2230.6,0.21904,1361.3,139.93,76.59,3803.2,1
2.3246,5.4604,2236.3,0.22069,1371.8,141.22,76.818,3761.1,1
2.3311,5.5107,2242.1,0.22235,1382.3,142.52,77.044,3718.7,1
2.3375,5.5613,2247.9,0.22403,1392.9,143.83,77.269,3675.7,1
2.3523,5.6797,2261.2,0.22797,1417.2,146.89,77.781,3575.2,1
2.3672,5.8001,2274.4,0.23198,1441.3,150.01,78.286,3472.8,1
2.3921,6.0078,2296.1,0.23889,1481.2,155.38,79.116,3296.4,1
2.4171,6.2216,2317.2,0.24596,1519.8,160.91,79.923,3115.9,1
2.4512,6.5241,2344.8,0.25581,1570.5,168.73,80.984,2864.5,1
2.4854,6.8385,2371.1,0.26579,1618.6,176.86,81.997,2609.6,1
2.5126,7.0976,2390.9,0.27377,1655.1,183.56,82.767,2405.7,1
2.5398,7.3644,2410.2,0.28174,1689.7,190.46,83.505,2202.3,1
2.5508,7.4748,2418.3,0.28495,1702.9,193.32,83.794,2120.2,1
2.5568,7.5355,2423,0.2867,1710.1,194.89,83.949,2075.6,1
2.5628,7.5967,2427.7,0.28844,1717.5,196.47,84.103,2031.2,1
2.5689,7.6582,2432.5,0.29017,1725.1,198.06,84.256,1986.8,1
2.5749,7.72,2437.3,0.2919,1732.7,199.66,84.406,1942.6,1
2.5857,7.832,2446,0.29499,1746.4,202.56,84.671,1863.7,1
2.5987,7.9688,2456.4,0.2987,1762.8,206.09,84.985,1769.1,1
2.6226,8.2237,2475,0.30537,1792.5,212.69,85.536,1598.7,1
2.6465,8.4842,2493,0.31187,1821.1,219.42,86.059,1432.5,1
2.6704,8.7501,2510.1,0.31818,1848.3,226.3,86.553,1271.2,1
2.6996,9.0821,2529.7,0.32558,1879.6,234.89,87.115,1082.3,1
2.7461,9.6256,2557.8,0.33649,1924.4,248.94,87.914,803.27,1
2.7926,10.186,2582,0.34615,1963.1,263.44,88.592,556.05,1
2.8574,10.99,2609,0.35708,2006.2,284.23,89.323,276.36,1
2.9625,12.334,2635,0.36702,2048.3,318.99,89.951,20.856,1
3,12.821,2638.9,0.3678,2054.7,331.57,90,4.1687e-12,1
3,12.821,2638.9,0.3678,2054.7,331.57,90,0,1
3.0073,12.915,2639.3,0.3678,2055.4,334.02,90,0,1
3.0218,13.104,2639.8,0.36779,2056.4,338.91,90,0,1
3.0327,13.246,2640.1,0.36778,2056.9,342.57,90,0,1
3.0503,13.473,2640.4,0.36776,2057.3,348.46,90,0,1
3.0678,13.701,2640.5,0.36775,2057.6,354.35,90,0,1
3.0901,13.991,2640.6,0.36773,2057.8,361.85,90,0,1
3.1125,14.281,2640.7,0.36771,2057.8,369.35,90,0,1
3.1451,14.705,2640.7,0.36768,2057.9,380.32,90,0,1
3.1855,15.229,2640.7,0.36764,2057.9,393.87,90,0,1
3.2423,15.967,2640.7,0.36759,2057.9,412.94,90,0,1
3.3232,17.018,2640.7,0.36751,2057.9,440.12,90,0,1
3.4614,18.81,2640.7,0.36736,2057.9,486.49,90,0,1
3.7586,22.665,2640.7,0.367,2057.9,586.17,90,0,1
4.6812,34.596,2640.7,0.36551,2057.9,894.74,90,0,1
4.6812,34.596,2640.7,0.36551,2057.9,894.74,90,0,1
4.6812,34.596,2640.7,0.36551,2057.9,894.74,90,0,1
4.6812,34.596,2640.7,0.36551,2057.9,894.74,90,0,1
4.6819,34.605,2640.7,0.36461,2058.5,894.98,90,0,1
4.6833,34.624,2640.8,0.36426,2059.6,895.46,90,0,1
4.6848,34.642,2641,0.36396,2060.7,895.94,90,0,1
4.6868,34.668,2641.3,0.36359,2062.2,896.61,90,0,1
4.6888,34.694,2641.7,0.36327,2063.7,897.28,90,0,1
4.6915,34.728,2642.4,0.36291,2065.8,898.17,90,0,1
4.6942,34.762,2643.1,0.36259,2067.8,899.05,90,0,1
4.6974,34.804,2644.1,0.36225,2070.3,900.12,90,0,1
4.7006,34.845,2645.1,0.36193,2072.7,901.19,90,0,1
4.7048,34.898,2646.4,0.36155,2075.9,902.56,90,0,1
4.7089,34.951,2647.8,0.36119,2079,903.93,90,0,1
4.7147,35.024,2649.7,0.3607,2083.4,905.82,90,0,1
4.7204,35.098,2651.6,0.36022,2087.7,907.72,90,0,1
4.7293,35.21,2654.6,0.35949,2094.4,910.62,90,0,1
4.7402,35.349,2658.3,0.35859,2102.7,914.22,90,0,1
4.7565,35.555,2663.7,0.35726,2115,919.55,90,0,1
4.7809,35.861,2671.8,0.3553,2133.2,927.47,90,0,1
4.7891,35.965,2674.6,0.35464,2139.3,930.15,90,0,1
4.7931,36.014,2676,0.35415,2142.3,931.43,90,0,1
4.7954,36.043,2677,0.35391,2144,932.17,90,0,1
4.7976,36.071,2677.9,0.3537,2145.7,932.9,90,0,1
4.8012,36.115,2679.5,0.35343,2148.3,934.04,90,0,1
4.8047,36.159,2681.1,0.35318,2150.9,935.17,90,0,1
4.8082,36.203,2682.7,0.35294,2153.5,936.3,90,0,1
4.8127,36.26,2684.9,0.35265,2156.9,937.77,90,0,1
4.8185,36.331,2687.5,0.35228,2161.1,939.62,90,0,1
4.8261,36.426,2691.1,0.35181,2166.7,942.06,90,0,1
4.8363,36.552,2695.8,0.35117,2174.3,945.34,90,0,1
4.8516,36.741,2702.9,0.35023,2185.5,950.23,90,0,1
4.8775,37.061,2715,0.34864,2204.5,958.5,90,0,1
4.9381,37.804,2743.1,0.34498,2248.7,977.71,90,0,1
5.1517,40.361,2840.4,0.33277,2400.8,1043.8,90,0,1
5.3654,42.829,2935.6,0.32149,2547.6,1107.7,90,0,1
5.3846,43.047,2944.1,0.32051,2560.6,1113.3,90,0,1
5.3904,43.112,2946.7,0.32009,2564.5,1115,90,0,1
5.3961,43.177,2949.7,0.31971,2568.3,1116.7,90,0,1
5.3998,43.218,2951.6,0.31955,2570.8,1117.7,90,0,1
5.4035,43.26,2953.6,0.31939,2573.3,1118.8,90,0,1
5.4071,43.301,2955.5,0.31924,2575.7,1119.9,90,0,1
5.414,43.378,2959.2,0.31895,2580.3,1121.9,90,0,1
5.4242,43.493,2964.7,0.31853,2587.2,1124.9,90,0,1
5.4421,43.695,2974.2,0.31779,2599.1,1130.1,90,0,1
5.4753,44.066,2991.9,0.31642,2621.2,1139.7,90,0,1
5.6413,45.902,3079.5,0.30971,2730.4,1187.1,90,0,1
5.8073,47.698,3165.8,0.30319,2837.3,1233.6,90,0,1
6.2162,51.966,3372.7,0.28778,3091.1,1344,90,0,1
6.2623,52.432,3395.5,0.2861,3118.9,1356,90,0,1
6.2761,52.571,3402.3,0.28559,3127.2,1359.6,90,0,1
6.2899,52.711,3409.1,0.28509,3135.4,1363.2,90,0,1
6.2957,52.769,3411.9,0.28488,3138.9,1364.7,90,0,1
6.3015,52.827,3414.9,0.28458,3142.4,1366.2,90,0,1
6.3042,52.854,3416.3,0.28449,3144,1367,90,0,1
6.3069,52.882,3417.8,0.2844,3145.6,1367.7,90,0,1
6.3096,52.909,3419.2,0.2843,3147.2,1368.4,90,0,1
6.3232,53.045,3426.4,0.28385,3155.4,1371.9,90,0,1
6.353,53.344,3442.1,0.28285,3173.1,1379.6,90,0,1
6.425,54.059,3479.8,0.28044,3215.7,1398.1,90,0,1
6.5978,55.753,3569.3,0.27467,3316.4,1441.9,90,0,1
6.9351,58.958,3739.4,0.2634,3507.1,1524.8,90,0,1
6.9654,59.24,3754.4,0.26239,3523.8,1532.1,90,0,1
6.9958,59.52,3769.4,0.26137,3540.5,1539.4,90,0,1
7,59.559,3771.4,0.26123,3542.8,1540.4,90,0,1
7,59.559,3771.4,0.36052,3542.8,1540.4,90,0,2
7,59.559,3771.4,0.36052,3540.7,1540.4,90,0,2
7,59.56,3771.4,0.36052,3536.5,1540.4,90,0,2
7,59.56,3771.4,0.36052,3532.4,1540.4,90,0,2
7.0001,59.56,3771.2,0.36051,3521.9,1540.4,90,0,2
7.0002,59.562,3769.9,0.36051,3497.7,1540.4,90,0,2
7.0003,59.563,3767.1,0.36051,3470.8,1540.5,90,0,2
7.0005,59.565,3762.3,0.36051,3441.6,1540.5,90,0,2
7.0006,59.567,3756.5,0.36051,3416,1540.6,90,0,2
7.0007,59.569,3751.9,0.36051,3399.3,1540.6,90,0,2
7.0009,59.571,3743.6,0.36051,3374.6,1540.7,90,0,2
7.0012,59.575,3729,0.36051,3340.1,1540.8,90,0,2
7.0015,59.578,3713.3,0.36051,3310.1,1540.9,90,0,2
7.0019,59.583,3692,0.36051,3275.6,1541,90,0,2
7.0023,59.588,3670,0.36051,3244.2,1541.1,90,0,2
7.0028,59.594,3641,0.36051,3206.2,1541.3,90,0,2
7.0032,59.601,3612,0.3605,3170,1541.4,90,0,2
7.004,59.61,3570.6,0.3605,3119.8,1541.7,90,0,2
7.0047,59.619,3529.6,0.3605,3070.9,1541.9,90,0,2
7.0058,59.634,3464.8,0.3605,2989.9,1542.3,90,0,2
7.0067,59.644,3421.5,0.36049,2932.3,1542.6,90,0,2
7.0075,59.654,3379.4,0.36049,2875.3,1542.8,90,0,2
7.0088,59.672,3311,0.36049,2781.4,1543.3,90,0,2
7.0108,59.696,3220,0.36048,2655.6,1543.9,90,0,2
7.0135,59.731,3099.9,0.36047,2488.5,1544.8,90,0,2
7.0137,59.734,3088.2,0.36047,2471.9,1544.9,90,0,2
7.0137,59.734,3088.2,0.36047,2471.9,1544.9,90,0,2
7.0137,59.734,3088.1,0.34445,2471.9,1544.9,90,0,2
7.0137,59.734,3088.1,0.32592,2471.9,1544.9,90,0,2
7.0137,59.734,3088.1,0.32301,2471.9,1544.9,90,0,2
7.0137,59.734,3088.1,0.3224,2471.9,1544.9,90,0,2
7.0137,59.734,3088,0.32244,2471.9,1544.9,90,0,2
7.0137,59.734,3088,0.32239,2471.9,1544.9,90,0,2
7.0137,59.734,3087.8,0.32232,2471.9,1544.9,90,0,2
7.0138,59.734,3087.5,0.32212,2471.9,1544.9,90,0,2
7.0138,59.735,3086.1,0.32137,2471.9,1544.9,90,0,2
7.0139,59.736,3082.1,0.3191,2471.9,1544.9,90,0,2
7.0142,59.739,3069.6,0.31214,2472.1,1545,90,0,2
7.0153,59.751,3033.4,0.29238,2472.5,1545.3,90,0,2
7.0163,59.761,3004.8,0.27709,2473,1545.6,90,0,2
7.0174,59.771,2982.1,0.26516,2473.4,1545.8,90,0,2
7.0184,59.781,2964,0.2558,2473.8,1546.1,90,0,2
7.0195,59.791,2949.5,0.24839,2474.2,1546.3,90,0,2
7.0205,59.8,2938,0.24252,2474.6,1546.6,90,0,2
7.0216,59.809,2928.8,0.23784,2474.9,1546.8,90,0,2
7.0227,59.818,2921.4,0.2341,2475.3,1547,90,0,2
7.0239,59.828,2914.4,0.23057,2475.7,1547.3,90,0,2
7.0252,59.838,2909.1,0.22786,2476.1,1547.6,90,0,2
7.0265,59.848,2905.1,0.22577,2476.6,1547.8,90,0,2
7.0278,59.859,2902.1,0.22416,2477,1548.1,90,0,2
7.029,59.869,2899.8,0.22291,2477.4,1548.4,90,0,2
7.0303,59.879,2898.1,0.22195,2477.8,1548.6,90,0,2
7.0316,59.889,2896.8,0.2212,2478.2,1548.9,90,0,2
7.0328,59.899,2895.9,0.22062,2478.6,1549.1,90,0,2
7.0341,59.909,2895.3,0.22016,2479,1549.4,90,0,2
7.0354,59.918,2894.9,0.21981,2479.4,1549.7,90,0,2
7.0367,59.928,2894.6,0.21952,2479.9,1549.9,90,0,2
7.0379,59.938,2894.4,0.2193,2480.3,1550.2,90,0,2
7.0392,59.948,2894.4,0.21912,2480.7,1550.4,90,0,2
7.0408,59.96,2894.4,0.21895,2481.2,1550.7,90,0,2
7.0424,59.972,2894.5,0.21882,2481.7,1551,90,0,2
7.0443,59.987,2894.7,0.2187,2482.3,1551.4,90,0,2
7.0462,60.002,2895,0.2186,2482.9,1551.8,90,0,2
7.0485,60.02,2895.4,0.21851,2483.6,1552.3,90,0,2
7.0508,60.038,2895.8,0.21844,2484.4,1552.7,90,0,2
7.0539,60.061,2896.3,0.21836,2485.3,1553.3,90,0,2
7.0569,60.084,2896.9,0.21829,2486.3,1553.9,90,0,2
7.061,60.116,2897.8,0.21821,2487.6,1554.8,90,0,2
7.0652,60.149,2898.6,0.21813,2489,1555.6,90,0,2
7.0716,60.198,2900,0.21801,2491,1556.9,90,0,2
7.0795,60.259,2901.6,0.21786,2493.5,1558.4,90,0,2
7.0912,60.349,2904,0.21765,2497.2,1560.8,90,0,2
7.1088,60.484,2907.6,0.21733,2502.8,1564.3,90,0,2
7.141,60.73,2914.3,0.21675,2513,1570.7,90,0,2
7.2418,61.499,2935,0.21493,2544.8,1590.5,90,0,2
7.272,61.728,2941.1,0.2144,2554.3,1596.4,90,0,2
7.3022,61.956,2947.3,0.21386,2563.8,1602.4,90,0,2
7.3063,61.987,2948.2,0.21377,2565.1,1603.2,90,0,2
7.3104,62.018,2949.1,0.21365,2566.3,1604,90,0,2
7.313,62.037,2949.7,0.2136,2567.1,1604.5,90,0,2
7.3155,62.057,2950.3,0.21356,2567.9,1605,90,0,2
7.3187,62.08,2951.1,0.21351,2568.9,1605.6,90,0,2
7.3234,62.117,2952.3,0.21344,2570.4,1606.5,90,0,2
7.3299,62.165,2953.9,0.21334,2572.4,1607.8,90,0,2
7.3391,62.235,2956.2,0.2132,2575.3,1609.6,90,0,2
7.3536,62.344,2959.8,0.21299,2579.8,1612.4,90,0,2
7.3837,62.569,2967.2,0.21254,2589.1,1618.2,90,0,2
7.491,63.373,2993.8,0.21097,2622.4,1639,90,0,2
7.7077,64.975,3046.9,0.20783,2688.7,1680.4,90,0,2
8.2314,68.75,3172.9,0.20047,2844.9,1778.1,90,0,2
8.5925,71.275,3257.7,0.19555,2949.4,1843.4,90,0,2
8.9536,73.739,3341,0.19074,3051.3,1907.1,90,0,2
9.1475,75.036,3384.9,0.1882,3105,1940.6,90,0,2
9.2056,75.422,3398,0.18744,3121,1950.6,90,0,2
9.2638,75.806,3411.1,0.18668,3136.9,1960.5,90,0,2
9.2758,75.885,3413.8,0.18653,3140.1,1962.6,90,0,2
9.2878,75.964,3416.5,0.18636,3143.4,1964.6,90,0,2
9.303,76.064,3420.1,0.18615,3147.6,1967.2,90,0,2
9.3124,76.126,3422.4,0.18605,3150.1,1968.8,90,0,2
9.3218,76.188,3424.7,0.18593,3152.7,1970.4,90,0,2
9.3289,76.234,3426.4,0.18585,3154.6,1971.6,90,0,2
9.3361,76.281,3428.1,0.18576,3156.5,1972.8,90,0,2
9.3465,76.349,3430.6,0.18564,3159.4,1974.6,90,0,2
9.3614,76.447,3434.2,0.18546,3163.4,1977.1,90,0,2
9.3913,76.643,3441.3,0.1851,3171.5,1982.2,90,0,2
9.4586,77.082,3457.4,0.18429,3189.7,1993.5,90,0,2
9.6055,78.034,3492.3,0.18252,3229.1,2018.2,90,0,2
9.9468,80.209,3572.3,0.17844,3319.1,2074.4,90,0,2
10.7,84.834,3743.1,0.16949,3510.5,2194,90,0,2
10.871,85.856,3780.9,0.16746,3552.7,2220.5,90,0,2
10.887,85.947,3784.3,0.16728,3556.5,2222.8,90,0,2
10.902,86.038,3787.7,0.1671,3560.3,2225.2,90,0,2
10.904,86.051,3788.1,0.16707,3560.8,2225.5,90,0,2
10.906,86.063,3788.6,0.16704,3561.3,2225.8,90,0,2
10.909,86.079,3789.2,0.167,3562,2226.2,90,0,2
10.912,86.095,3789.8,0.16697,3562.6,2226.6,90,0,2
10.914,86.11,3790.4,0.16694,3563.3,2227,90,0,2
10.917,86.126,3791.1,0.16692,3563.9,2227.5,90,0,2
10.923,86.161,3792.4,0.16685,3565.4,2228.4,90,0,2
10.941,86.264,3796.4,0.16668,3569.6,2231,90,0,2
10.983,86.513,3806.2,0.16624,3579.9,2237.5,90,0,2
11,86.613,3810.1,0.16606,3584.1,2240.1,90,0,2
11,86.613,3810.1,0.35227,3584.1,2240.1,90,0,3
11,86.613,3810.1,0.35227,3583.1,2240.1,90,0,3
11,86.613,3810.1,0.35227,3581.2,2240.1,90,0,3
11,86.613,3810.1,0.35227,3579.7,2240.1,90,0,3
11,86.613,3810.1,0.35227,3578.3,2240.1,90,0,3
11,86.613,3810.1,0.35227,3576.8,2240.1,90,0,3
11,86.614,3810,0.35227,3569.8,2240.1,90,0,3
11,86.615,3809.1,0.35227,3536.3,2240.1,90,0,3
11,86.616,3806.2,0.35227,3493.9,2240.1,90,0,3
11,86.617,3802,0.35227,3456,2240.2,90,0,3
11,86.619,3796.8,0.35227,3421.4,2240.2,90,0,3
11.001,86.62,3792.3,0.35226,3397,2240.2,90,0,3
11.001,86.623,3775.8,0.35226,3330,2240.3,90,0,3
11.001,86.626,3756.5,0.35226,3274.1,2240.4,90,0,3
11.001,86.627,3748.9,0.35226,3255.8,2240.4,90,0,3
11.001,86.628,3741.2,0.35226,3238,2240.4,90,0,3
11.001,86.63,3727,0.35226,3206.9,2240.5,90,0,3
11.002,86.632,3712.6,0.35226,3177.2,2240.5,90,0,3
11.002,86.641,3654.5,0.35226,3070.2,2240.8,90,0,3
11.003,86.649,3595.6,0.35225,2974.6,2241,90,0,3
11.004,86.657,3536.9,0.35225,2885.7,2241.2,90,0,3
11.004,86.665,3479,0.35225,2801.3,2241.4,90,0,3
11.005,86.676,3407.6,0.35224,2696.3,2241.7,90,0,3
11.005,86.676,3403.5,0.35224,2690.2,2241.7,90,0,3
11.005,86.676,3403.5,0.35224,2690.2,2241.7,90,0,3
11.005,86.676,3403.4,0.32185,2690.2,2241.7,90,0,3
11.005,86.676,3403.4,0.29172,2690.1,2241.7,90,0,3
11.005,86.676,3403.3,0.29193,2690.1,2241.7,90,0,3
11.005,86.676,3403.3,0.29195,2690.1,2241.7,90,0,3
11.005,86.676,3403.2,0.29193,2690.1,2241.7,90,0,3
11.005,86.676,3402.9,0.29183,2690.1,2241.7,90,0,3
11.005,86.676,3402.3,0.2916,2690.1,2241.7,90,0,3
11.005,86.677,3400,0.2907,2690.1,2241.7,90,0,3
11.005,86.678,3388.3,0.28632,2690.2,2241.7,90,0,3
11.006,86.683,3350.8,0.27132,2690.3,2241.9,90,0,3
11.006,86.688,3317.2,0.25628,2690.5,2242,90,0,3
11.007,86.693,3282.3,0.24104,2690.6,2242.1,90,0,3
11.007,86.698,3252,0.22808,2690.7,2242.2,90,0,3
11.008,86.706,3205.6,0.20883,2691,2242.4,90,0,3
11.01,86.714,3169.4,0.19426,2691.2,2242.6,90,0,3
11.011,86.721,3141,0.18309,2691.4,2242.8,90,0,3
11.012,86.728,3118.6,0.17446,2691.6,2243,90,0,3
11.013,86.734,3101,0.16775,2691.8,2243.2,90,0,3
11.014,86.74,3087.3,0.1617,2692,2243.3,90,0,3
11.015,86.746,3077.2,0.15658,2692.2,2243.5,90,0,3
11.016,86.752,3069.9,0.1529,2692.4,2243.6,90,0,3
11.017,86.757,3065.6,0.15075,2692.5,2243.8,90,0,3
11.018,86.761,3062.3,0.14908,2692.7,2243.9,90,0,3
11.019,86.766,3059.8,0.14779,2692.8,2244,90,0,3
11.019,86.77,3057.9,0.14679,2692.9,2244.1,90,0,3
11.02,86.774,3056.4,0.14601,2693.1,2244.2,90,0,3
11.021,86.779,3055.3,0.14541,2693.2,2244.3,90,0,3
11.022,86.783,3054.4,0.14493,2693.3,2244.4,90,0,3
11.023,86.788,3053.8,0.14457,2693.5,2244.6,90,0,3
11.024,86.792,3053.3,0.14428,2693.6,2244.7,90,0,3
11.024,86.796,3053,0.14406,2693.7,2244.8,90,0,3
11.025,86.8,3052.7,0.14388,2693.9,2244.9,90,0,3
11.026,86.805,3052.5,0.14374,2694,2245,90,0,3
11.027,86.81,3052.4,0.14361,2694.2,2245.1,90,0,3
11.028,86.815,3052.4,0.14352,2694.3,2245.3,90,0,3
11.029,86.82,3052.4,0.14344,2694.5,2245.4,90,0,3
11.031,86.827,3052.4,0.14338,2694.7,2245.6,90,0,3
11.032,86.834,3052.5,0.14333,2694.9,2245.8,90,0,3
11.034,86.842,3052.6,0.14328,2695.2,2246,90,0,3
11.035,86.851,3052.8,0.14325,2695.4,2246.2,90,0,3
11.037,86.862,3053,0.14322,2695.8,2246.5,90,0,3
11.04,86.873,3053.3,0.1432,2696.1,2246.8,90,0,3
11.043,86.888,3053.7,0.14318,2696.6,2247.2,90,0,3
11.046,86.903,3054,0.14315,2697.1,2247.5,90,0,3
11.05,86.927,3054.6,0.14312,2697.8,2248.2,90,0,3
11.056,86.957,3055.4,0.14308,2698.7,2248.9,90,0,3
11.065,87.003,3056.5,0.14302,2700.1,2250.1,90,0,3
11.079,87.073,3058.3,0.14293,2702.3,2251.9,90,0,3
11.109,87.221,3062,0.14274,2706.9,2255.8,90,0,3
11.192,87.643,3072.5,0.14218,2720,2266.7,90,0,3
11.276,88.064,3083,0.14163,2733.1,2277.6,90,0,3
11.6,89.67,3123.2,0.13953,2782.9,2319.1,90,0,3
12.267,92.909,3204.5,0.13527,2883.4,2402.9,90,0,3
12.617,94.567,3246.3,0.13308,2934.9,2445.8,90,0,3
12.967,96.199,3287.6,0.13092,2985.5,2488,90,0,3
14.147,101.51,3422.9,0.12383,3150.3,2625.2,90,0,3
14.722,103.99,3491,0.12062,3227.2,2689.4,90,0,3
14.993,105.14,3522.7,0.11915,3262.9,2719.1,90,0,3
15,105.16,3523.5,0.11911,3263.8,2719.8,90,0,3
15,105.16,3523.5,0.3449,3263.8,2719.8,90,0,4
15,105.16,3523.4,0.3449,3256.7,2719.8,90,0,4
15,105.16,3523.3,0.3449,3242.9,2719.8,90,0,4
15,105.16,3523.2,0.3449,3233.5,2719.8,90,0,4
15,105.16,3523,0.3449,3224.3,2719.8,90,0,4
15,105.16,3522.8,0.3449,3215.3,2719.8,90,0,4
15,105.17,3522.3,0.3449,3199.9,2719.9,90,0,4
15,105.17,3518.5,0.3449,3128.6,2719.9,90,0,4
15,105.17,3510.2,0.3449,3046.9,2719.9,90,0,4
15.001,105.17,3498.4,0.3449,2968.1,2720,90,0,4
15.001,105.17,3490.2,0.3449,2923.3,2720,90,0,4
15.001,105.17,3481.4,0.3449,2881.2,2720.1,90,0,4
15.001,105.18,3453.3,0.3449,2771.1,2720.2,90,0,4
15.001,105.18,3437.8,0.3449,2720.5,2720.3,90,0,4
15.001,105.18,3437.8,0.3449,2720.5,2720.3,90,0,4
15.001,105.18,3437.8,0.29863,2720.4,2720.3,90,0,4
15.001,105.18,3437.7,0.25756,2720.4,2720.3,90,0,4
15.001,105.18,3437.7,0.24335,2720.4,2720.3,90,0,4
15.001,105.18,3437.7,0.23766,2720.4,2720.3,90,0,4
15.001,105.18,3437.6,0.23626,2720.4,2720.3,90,0,4
15.001,105.18,3437.6,0.23582,2720.4,2720.3,90,0,4
15.001,105.18,3437.5,0.23577,2720.4,2720.3,90,0,4
15.001,105.18,3437.4,0.23573,2720.4,2720.3,90,0,4
15.001,105.18,3437.1,0.23565,2720.4,2720.3,90,0,4
15.001,105.18,3436.2,0.23537,2720.4,2720.3,90,0,4
15.001,105.18,3433.2,0.2344,2720.4,2720.3,90,0,4
15.002,105.18,3423.6,0.23135,2720.4,2720.3,90,0,4
15.002,105.19,3392.3,0.22095,2720.5,2720.4,90,0,4
15.002,105.19,3363.6,0.21009,2720.5,2720.4,90,0,4
15.003,105.19,3322.4,0.19487,2720.6,2720.6,90,0,4
15.003,105.2,3295.5,0.18515,2720.7,2720.6,90,0,4
15.005,105.2,3242.7,0.16665,2720.9,2720.8,90,0,4
15.006,105.21,3201.8,0.15281,2721,2721,90,0,4
15.007,105.21,3170,0.14232,2721.2,2721.1,90,0,4
15.008,105.22,3145,0.1343,2721.3,2721.3,90,0,4
15.009,105.22,3125.6,0.12787,2721.4,2721.4,90,0,4
15.01,105.23,3111.1,0.12171,2721.5,2721.5,90,0,4
15.011,105.23,3103.4,0.11849,2721.6,2721.6,90,0,4
15.012,105.24,3097.4,0.11597,2721.7,2721.7,90,0,4
15.012,105.24,3092.6,0.11397,2721.8,2721.8,90,0,4
15.013,105.24,3088.8,0.11241,2721.9,2721.9,90,0,4
15.014,105.25,3085.8,0.11116,2721.9,2721.9,90,0,4
15.015,105.25,3083.5,0.11018,2722,2722,90,0,4
15.015,105.25,3081.7,0.1094,2722.1,2722.1,90,0,4
15.016,105.25,3080.2,0.10878,2722.2,2722.2,90,0,4
15.017,105.26,3079.1,0.10829,2722.2,2722.2,90,0,4
15.018,105.26,3078.2,0.10791,2722.3,2722.3,90,0,4
15.019,105.26,3077.5,0.10759,2722.4,2722.4,90,0,4
15.019,105.27,3076.9,0.10735,2722.5,2722.5,90,0,4
15.02,105.27,3076.5,0.10715,2722.6,2722.5,90,0,4
15.021,105.27,3076.2,0.107,2722.6,2722.6,90,0,4
15.022,105.28,3076,0.10687,2722.7,2722.7,90,0,4
15.023,105.28,3075.7,0.10675,2722.8,2722.8,90,0,4
15.024,105.28,3075.6,0.10666,2722.9,2722.9,90,0,4
15.025,105.29,3075.5,0.10659,2723,2723,90,0,4
15.026,105.29,3075.5,0.10652,2723.1,2723.1,90,0,4
15.027,105.3,3075.5,0.10648,2723.2,2723.2,90,0,4
15.029,105.3,3075.5,0.10643,2723.4,2723.4,90,0,4
15.03,105.31,3075.6,0.10641,2723.5,2723.5,90,0,4
15.032,105.31,3075.7,0.10638,2723.7,2723.7,90,0,4
15.034,105.32,3075.8,0.10637,2723.9,2723.9,90,0,4
15.037,105.33,3076,0.10635,2724.2,2724.2,90,0,4
15.039,105.34,3076.2,0.10634,2724.4,2724.4,90,0,4
15.043,105.36,3076.5,0.10632,2724.8,2724.8,90,0,4
15.048,105.37,3076.9,0.1063,2725.3,2725.3,90,0,4
15.055,105.4,3077.4,0.10627,2725.9,2725.9,90,0,4
15.065,105.44,3078.2,0.10623,2726.9,2726.9,90,0,4
15.082,105.5,3079.5,0.10615,2728.6,2728.6,90,0,4
15.121,105.65,3082.6,0.106,2732.4,2732.4,90,0,4
15.209,105.98,3089.4,0.10564,2740.8,2740.8,90,0,4
15.38,106.61,3102.6,0.10495,2757.3,2757.3,90,0,4
15.733,107.91,3129.7,0.10352,2790.9,2790.9,90,0,4
16.428,110.42,3182.2,0.10076,2855.7,2855.7,90,0,4
17.773,115.08,3280.2,0.095565,2976.3,2976.3,90,0,4
18.484,117.45,3330.2,0.092908,3037.5,3037.5,90,0,4
19.194,119.75,3378.8,0.090296,3097,3097,90,0,4
20,122.28,3434.1,0.08745,3162.4,3162.4,90,0,4
20,122.28,3434.1,0.33688,3162.4,3162.4,90,0,5
20,122.28,3434.1,0.33688,3160.8,3162.4,90,0,5
20,122.28,3434.1,0.33688,3158.9,3162.4,90,0,5
20,122.28,3434.1,0.33688,3157,3162.4,90,0,5
20,122.28,3434.1,0.33688,3155.2,3162.4,90,0,5
20,122.28,3434.1,0.33688,3153.3,3162.4,90,0,5
20,122.28,3434,0.33688,3144.2,3162.4,90,0,5
20,122.28,3433.4,0.33688,3099.6,3162.4,90,0,5
20,122.28,3429.3,0.33688,2996.2,3162.4,90,0,5
20,122.28,3425.4,0.33688,2939.3,3162.5,90,0,5
20,122.28,3420.8,0.33688,2885.3,3162.5,90,0,5
20,122.28,3415.6,0.33688,2833.8,3162.5,90,0,5
20.001,122.28,3409.8,0.33688,2784.9,3162.5,90,0,5
20.001,122.28,3395.9,0.33688,2684.8,3162.6,90,0,5
20.001,122.29,3380.6,0.33688,2592.5,3162.6,90,0,5
20.001,122.29,3369.2,0.33687,2530.4,3162.7,90,0,5
20.001,122.29,3369.2,0.33687,2530.4,3162.7,90,0,5
20.001,122.29,3369.2,0.28406,2530.4,3162.7,90,0,5
20.001,122.29,3369.2,0.23148,2530.3,3162.7,90,0,5
20.001,122.29,3369.2,0.20724,2530.3,3162.7,90,0,5
20.001,122.29,3369.1,0.19355,2530.3,3162.7,90,0,5
20.001,122.29,3369.1,0.1889,2530.3,3162.7,90,0,5
20.001,122.29,3369.1,0.18705,2530.3,3162.7,90,0,5
20.001,122.29,3369,0.18654,2530.3,3162.7,90,0,5
20.001,122.29,3369,0.18646,2530.3,3162.7,90,0,5
20.001,122.29,3368.8,0.18644,2530.3,3162.7,90,0,5
20.001,122.29,3368.6,0.18638,2530.3,3162.7,90,0,5
20.001,122.29,3368,0.18621,2530.3,3162.7,90,0,5
20.001,122.29,3365.9,0.18566,2530.3,3162.7,90,0,5
20.001,122.29,3359.5,0.18399,2530.3,3162.7,90,0,5
20.001,122.29,3339.7,0.17885,2530.3,3162.7,90,0,5
20.002,122.29,3285.8,0.16517,2530.4,3162.8,90,0,5
20.003,122.3,3203.8,0.14517,2530.5,3163,90,0,5
20.005,122.31,3139.2,0.12883,2530.6,3163.2,90,0,5
20.006,122.31,3089.4,0.1151,2530.7,3163.3,90,0,5
20.007,122.32,3051.7,0.10504,2530.8,3163.4,90,0,5
20.008,122.32,3023,0.097568,2530.9,3163.6,90,0,5
20.01,122.33,3001.1,0.09197,2531,3163.7,90,0,5
20.011,122.33,2984.2,0.087737,2531,3163.8,90,0,5
20.012,122.33,2971.3,0.08452,2531.1,3163.9,90,0,5
20.013,122.34,2961.3,0.082059,2531.2,3164,90,0,5
20.014,122.34,2953.6,0.080175,2531.3,3164.1,90,0,5
20.016,122.34,2947.6,0.078723,2531.3,3164.1,90,0,5
20.017,122.35,2943.1,0.077606,2531.4,3164.2,90,0,5
20.018,122.35,2939.5,0.076741,2531.5,3164.3,90,0,5
20.019,122.35,2936.8,0.076074,2531.5,3164.4,90,0,5
20.021,122.36,2934.7,0.075554,2531.6,3164.5,90,0,5
20.022,122.36,2933,0.075154,2531.7,3164.6,90,0,5
20.023,122.36,2931.8,0.07484,2531.7,3164.7,90,0,5
20.024,122.37,2930.8,0.074599,2531.8,3164.7,90,0,5
20.026,122.37,2930.1,0.074409,2531.9,3164.8,90,0,5
20.027,122.37,2929.5,0.074263,2531.9,3164.9,90,0,5
20.028,122.38,2929.1,0.074147,2532,3165,90,0,5
20.029,122.38,2928.8,0.074058,2532.1,3165.1,90,0,5
20.031,122.38,2928.5,0.073974,2532.2,3165.2,90,0,5
20.032,122.39,2928.3,0.073913,2532.2,3165.3,90,0,5
20.034,122.39,2928.1,0.073857,2532.3,3165.4,90,0,5
20.036,122.4,2928,0.073819,2532.4,3165.5,90,0,5
20.038,122.4,2928,0.073783,2532.5,3165.7,90,0,5
20.04,122.41,2928,0.073761,2532.7,3165.8,90,0,5
20.043,122.42,2928,0.073738,2532.8,3166,90,0,5
20.046,122.42,2928.1,0.073724,2533,3166.2,90,0,5
20.05,122.43,2928.2,0.073707,2533.2,3166.5,90,0,5
20.053,122.44,2928.3,0.073696,2533.4,3166.7,90,0,5
20.059,122.46,2928.5,0.073678,2533.7,3167.1,90,0,5
20.066,122.48,2928.8,0.07366,2534,3167.5,90,0,5
20.076,122.5,2929.1,0.073633,2534.6,3168.2,90,0,5
20.089,122.54,2929.6,0.073598,2535.3,3169.1,90,0,5
20.113,122.6,2930.4,0.073533,2536.6,3170.7,90,0,5
20.162,122.73,2932.1,0.073402,2539.2,3174,90,0,5
20.311,123.11,2937.3,0.073004,2547.2,3184,90,0,5
20.611,123.88,2947.7,0.072211,2563.1,3203.9,90,0,5
20.638,123.95,2948.6,0.072139,2564.5,3205.7,90,0,5
20.665,124.02,2949.6,0.072069,2566,3207.4,90,0,5
20.678,124.05,2950,0.072033,2566.6,3208.2,90,0,5
20.69,124.08,2950.5,0.072,2567.2,3209,90,0,5
20.704,124.12,2951.1,0.071966,2568,3210,90,0,5
20.719,124.15,2951.7,0.071932,2568.7,3210.9,90,0,5
20.733,124.19,2952.3,0.071897,2569.5,3211.9,90,0,5
20.747,124.23,2952.9,0.071864,2570.3,3212.8,90,0,5
20.776,124.3,2954.1,0.071794,2571.8,3214.7,90,0,5
20.82,124.41,2956,0.07169,2574.1,3217.6,90,0,5
20.905,124.63,2959.5,0.071486,2578.5,3223.2,90,0,5
21.09,125.09,2967.2,0.071051,2588.1,3235.2,90,0,5
21.449,125.99,2981.9,0.070205,2606.7,3258.3,90,0,5
22.189,127.8,3011.9,0.068489,2644.2,3305.2,90,0,5
23.676,131.31,3070.2,0.065136,2716.8,3396,90,0,5
26,136.45,3156,0.060152,2823.2,3529,90,0,5
26,136.45,3156,0.32934,2823.2,3529,90,0,6
26,136.45,3155.9,0.32934,2799.4,3529,90,0,6
26,136.45,3155.4,0.32934,2752.6,3529,90,0,6
26,136.45,3155,0.32934,2725.5,3529,90,0,6
26,136.45,3154.4,0.32934,2698.8,3529,90,0,6
26,136.45,3153.6,0.32934,2666.1,3529,90,0,6
26,136.45,3152.7,0.32934,2634.1,3529,90,0,6
26,136.45,3149.2,0.32934,2538.8,3529.1,90,0,6
26,136.46,3144.7,0.32934,2448.1,3529.1,90,0,6
26,136.46,3139.6,0.32934,2360.9,3529.1,90,0,6
26.001,136.46,3134.1,0.32934,2277,3529.1,90,0,6
26.001,136.46,3126.5,0.32933,2177,3529.2,90,0,6
26.001,136.46,3121.6,0.32933,2117.9,3529.2,90,0,6
26.001,136.46,3121.6,0.32933,2117.9,3529.2,90,0,6
26.001,136.46,3121.6,0.27263,2117.9,3529.2,90,0,6
26.001,136.46,3121.6,0.1902,2117.7,3529.2,90,0,6
26.001,136.46,3121.6,0.16046,2117.7,3529.2,90,0,6
26.001,136.46,3121.6,0.13961,2117.7,3529.2,90,0,6
26.001,136.46,3121.6,0.12999,2117.7,3529.2,90,0,6
26.001,136.46,3121.5,0.12468,2117.6,3529.2,90,0,6
26.001,136.46,3121.5,0.12279,2117.6,3529.2,90,0,6
26.001,136.46,3121.5,0.12189,2117.6,3529.2,90,0,6
26.001,136.46,3121.4,0.12174,2117.6,3529.2,90,0,6
26.001,136.46,3121.3,0.12173,2117.6,3529.2,90,0,6
26.001,136.46,3121.2,0.12171,2117.6,3529.2,90,0,6
26.001,136.46,3120.9,0.12165,2117.6,3529.2,90,0,6
26.001,136.46,3119.4,0.12139,2117.6,3529.2,90,0,6
26.001,136.46,3112,0.12006,2117.6,3529.2,90,0,6
26.001,136.46,3076.5,0.11383,2117.7,3529.3,90,0,6
26.003,136.47,2989.1,0.098319,2117.7,3529.4,90,0,6
26.004,136.47,2938.1,0.089121,2117.8,3529.5,90,0,6
26.005,136.47,2895.6,0.081685,2117.8,3529.6,90,0,6
26.007,136.48,2839.2,0.072101,2117.9,3529.7,90,0,6
26.008,136.48,2806,0.066618,2117.9,3529.8,90,0,6
26.01,136.49,2779.4,0.062316,2118,3529.9,90,0,6
26.011,136.49,2758,0.058916,2118,3530,90,0,6
26.012,136.49,2740.8,0.056215,2118,3530,90,0,6
26.014,136.49,2726.9,0.054058,2118.1,3530.1,90,0,6
26.015,136.5,2715.7,0.052331,2118.1,3530.2,90,0,6
26.017,136.5,2704.9,0.050689,2118.2,3530.3,90,0,6
26.019,136.5,2696.6,0.049424,2118.2,3530.3,90,0,6
26.02,136.51,2690.1,0.048446,2118.3,3530.4,90,0,6
26.022,136.51,2685.1,0.047689,2118.3,3530.5,90,0,6
26.024,136.51,2681.2,0.047101,2118.3,3530.6,90,0,6
26.025,136.51,2678.2,0.046644,2118.4,3530.6,90,0,6
26.027,136.52,2675.8,0.046289,2118.4,3530.7,90,0,6
26.029,136.52,2674,0.046012,2118.5,3530.8,90,0,6
26.03,136.52,2672.6,0.045796,2118.5,3530.8,90,0,6
26.032,136.53,2671.5,0.045627,2118.6,3530.9,90,0,6
26.034,136.53,2670.6,0.045495,2118.6,3531,90,0,6
26.035,136.53,2670,0.045392,2118.6,3531.1,90,0,6
26.037,136.53,2669.5,0.045311,2118.7,3531.1,90,0,6
26.039,136.54,2669.1,0.045247,2118.7,3531.2,90,0,6
26.041,136.54,2668.7,0.045185,2118.8,3531.3,90,0,6
26.043,136.54,2668.4,0.045138,2118.8,3531.4,90,0,6
26.046,136.55,2668.2,0.045098,2118.9,3531.5,90,0,6
26.048,136.55,2668.1,0.045069,2119,3531.6,90,0,6
26.051,136.56,2668,0.045044,2119,3531.7,90,0,6
26.054,136.56,2667.9,0.045026,2119.1,3531.8,90,0,6
26.058,136.57,2667.9,0.045011,2119.2,3532,90,0,6
26.062,136.57,2667.9,0.044999,2119.3,3532.2,90,0,6
26.068,136.58,2667.9,0.044987,2119.4,3532.4,90,0,6
26.074,136.59,2668,0.044977,2119.6,3532.6,90,0,6
26.082,136.61,2668.1,0.044962,2119.8,3533,90,0,6
26.093,136.62,2668.2,0.044946,2120,3533.4,90,0,6
26.108,136.65,2668.4,0.044922,2120.4,3534,90,0,6
26.13,136.68,2668.6,0.044887,2121,3534.9,90,0,6
26.174,136.75,2669.1,0.044818,2122.1,3536.7,90,0,6
26.254,136.88,2670,0.044693,2124,3540,90,0,6
26.415,137.13,2671.7,0.044441,2127.9,3546.6,90,0,6
26.785,137.71,2675.7,0.043869,2136.9,3561.5,90,0,6
27.051,138.12,2678.6,0.043465,2143.3,3572.1,90,0,6
27.317,138.52,2682.6,0.043091,2149.6,3582.6,90,0,6
27.472,138.76,2684.9,0.042884,2153.2,3588.7,90,0,6
27.572,138.91,2686.4,0.042742,2155.6,3592.6,90,0,6
27.641,139.02,2687.4,0.042651,2157.2,3595.3,90,0,6
27.71,139.12,2688.4,0.042555,2158.8,3598,90,0,6
27.762,139.2,2689.2,0.042486,2160,3600,90,0,6
27.814,139.27,2689.9,0.042415,2161.2,3602,90,0,6
27.865,139.35,2690.7,0.042345,2162.4,3604,90,0,6
27.917,139.43,2691.5,0.042274,2163.6,3606,90,0,6
27.969,139.51,2692.2,0.042204,2164.8,3608,90,0,6
28.035,139.6,2693.2,0.042116,2166.3,3610.5,90,0,6
28.1,139.7,2694.1,0.042028,2167.8,3613.1,90,0,6
28.166,139.8,2695.1,0.04194,2169.3,3615.6,90,0,6
28.231,139.9,2696,0.041852,2170.8,3618.1,90,0,6
28.362,140.09,2697.9,0.041676,2173.8,3623.1,90,0,6
28.527,140.33,2700.3,0.041456,2177.6,3629.3,90,0,6
28.78,140.7,2703.9,0.041122,2183.3,3638.9,90,0,6
29.18,141.28,2709.6,0.040596,2192.3,3653.8,90,0,6
29.767,142.11,2717.7,0.039836,2205.2,3675.4,90,0,6
30.671,143.36,2730.1,0.03869,2224.7,3707.8,90,0,6
32.031,145.18,2748,0.037023,2252.9,3754.8,90,0,6
34.048,147.74,2773.2,0.034667,2292.5,3820.9,90,0,6
37.036,151.22,2807.8,0.031425,2346.6,3911,90,0,6
41.399,155.74,2852.9,0.027183,2416.7,4027.8,90,0,6
47.399,160.97,2905.4,0.022203,2497.9,4163.1,90,0,6
53.399,165.24,2948.5,0.018086,2564.1,4273.5,90,0,6
53.561,165.34,2949.5,0.017984,2565.7,4276.2,90,0,6
53.61,165.37,2949.8,0.017954,2566.2,4277,90,0,6
53.658,165.4,2950.2,0.017924,2566.7,4277.8,90,0,6
53.77,165.47,2951,0.017857,2567.8,4279.6,90,0,6
53.883,165.55,2951.9,0.017794,2568.9,4281.4,90,0,6
53.995,165.62,2952.8,0.017727,2570,4283.3,90,0,6
54.107,165.69,2953.7,0.017664,2571,4285.1,90,0,6
54.22,165.76,2954.5,0.017599,2572.1,4286.9,90,0,6
54.332,165.83,2955.4,0.017536,2573.2,4288.7,90,0,6
54.444,165.89,2956.2,0.017471,2574.3,4290.5,90,0,6
54.556,165.96,2957.1,0.017408,2575.4,4292.3,90,0,6
54.669,166.03,2957.9,0.017344,2576.4,4294.1,90,0,6
54.781,166.1,2958.8,0.017281,2577.5,4295.8,90,0,6
54.893,166.17,2959.6,0.017218,2578.6,4297.6,90,0,6
55.006,166.24,2960.5,0.017155,2579.6,4299.4,90,0,6
55.118,166.31,2961.3,0.017092,2580.7,4301.1,90,0,6
55.23,166.37,2962.2,0.01703,2581.7,4302.9,90,0,6
55.377,166.46,2963.2,0.016949,2583.1,4305.1,90,0,6
55.523,166.55,2964.3,0.016868,2584.4,4307.4,90,0,6
55.712,166.66,2965.7,0.016765,2586.2,4310.3,90,0,6
55.9,166.77,2967.1,0.016663,2587.9,4313.2,90,0,6
56.153,166.92,2968.9,0.016525,2590.2,4317,90,0,6
56.407,167.07,2970.8,0.016389,2592.5,4320.8,90,0,6
56.753,167.27,2973.2,0.016205,2595.6,4326,90,0,6
57.1,167.46,2975.7,0.016022,2598.7,4331.1,90,0,6
57.579,167.73,2979,0.015773,2602.8,4338,90,0,6
58.057,168,2982.3,0.015528,2606.9,4344.9,90,0,6
58.72,168.36,2986.7,0.015194,2612.5,4354.2,90,0,6
59.382,168.71,2991.1,0.014868,2618,4363.3,90,0,6
60.295,169.18,2996.9,0.014427,2625.3,4375.5,90,0,6
61.208,169.64,3002.6,0.014,2632.4,4387.3,90,0,6
62.459,170.25,3010.2,0.013434,2641.8,4403,90,0,6
63.71,170.83,3017.4,0.012889,2650.8,4418,90,0,6
64.961,171.38,3024.3,0.012365,2659.5,4432.5,90,0,6
66.824,172.17,3034.1,0.011623,2671.7,4452.9,90,0,6
68.686,172.92,3043.4,0.010922,2683.2,4472.1,90,0,6
71.118,173.82,3054.6,0.010069,2697.2,4495.4,90,0,6
73.55,174.65,3064.9,0.0092796,2710.1,4516.9,90,0,6
76.805,175.66,3077.6,0.0083155,2725.8,4543,90,0,6
80.059,176.56,3088.9,0.0074481,2739.9,4566.4,90,0,6
84.325,177.61,3101.9,0.0064433,2756.1,4593.5,90,0,6
88.59,178.52,3113.3,0.0055705,2770.1,4616.9,90,0,6
94.145,179.51,3125.8,0.0046048,2785.6,4642.7,90,0,6
99.7,180.34,3136.1,0.0038033,2798.4,4664,90,0,6
105.25,181.02,3144.6,0.0031401,2809,4681.7,90,0,6
110.81,181.58,3151.7,0.002591,2817.7,4696.2,90,0,6
116.36,182.05,3157.5,0.0021374,2824.9,4708.2,90,0,6
121.92,182.43,3162.3,0.0017624,2830.9,4718.1,90,0,6
127.47,182.74,3166.3,0.001453,2835.8,4726.3,90,0,6
133.03,183,3169.5,0.0011975,2839.8,4733,90,0,6
138.58,183.22,3172.2,0.00098696,2843.1,4738.5,90,0,6
144.14,183.4,3174.4,0.00081307,2845.9,4743.1,90,0,6
149.69,183.54,3176.3,0.00067,2848.1,4746.9,90,0,6
155.25,183.66,3177.8,0.00055178,2850,4750,90,0,6
160.8,183.76,3179,0.00045465,2851.5,4752.5,90,0,6
166.36,183.84,3180,0.00037433,2852.8,4754.6,90,0,6
171.91,183.91,3180.9,0.00030845,2853.8,4756.3,90,0,6
177.47,183.96,3181.6,0.00025388,2854.7,4757.8,90,0,6
183.02,184.01,3182.1,0.00020923,2855.4,4758.9,90,0,6
188.58,184.05,3182.6,0.00017215,2855.9,4759.9,90,0,6
194.13,184.08,3183,0.00014191,2856.4,4760.7,90,0,6
199.69,184.1,3183.3,0.00011672,2856.8,4761.4,90,0,6
205.24,184.12,3183.6,9.6255e-05,2857.1,4761.9,90,0,6
210.8,184.14,3183.8,7.9117e-05,2857.4,4762.3,90,0,6
216.35,184.15,3184,6.5292e-05,2857.6,4762.7,90,0,6
221.91,184.17,3184.1,5.3619e-05,2857.8,4763,90,0,6
227.46,184.18,3184.2,4.4295e-05,2858,4763.3,90,0,6
233.02,184.18,3184.3,3.633e-05,2858.1,4763.5,90,0,6
238.57,184.19,3184.4,3.0057e-05,2858.2,4763.6,90,0,6
244.13,184.19,3184.5,2.4607e-05,2858.3,4763.8,90,0,6
249.68,184.2,3184.5,2.0404e-05,2858.3,4763.9,90,0,6
255.24,184.2,3184.6,1.6658e-05,2858.4,4764,90,0,6
260.79,184.21,3184.6,1.3858e-05,2858.4,4764.1,90,0,6
266.34,184.21,3184.7,1.1269e-05,2858.5,4764.1,90,0,6
271.9,184.21,3184.7,9.4204e-06,2858.5,4764.2,90,0,6
277.45,184.21,3184.7,7.6159e-06,2858.5,4764.2,90,0,6
283.01,184.21,3184.7,6.4114e-06,2858.6,4764.3,90,0,6
288.56,184.21,3184.7,5.1389e-06,2858.6,4764.3,90,0,6
294.12,184.22,3184.7,4.3712e-06,2858.6,4764.3,90,0,6
300,184.22,3184.8,3.4194e-06,2858.6,4764.3,90,0,6
